GT_Colour00.png: 0.074560
GT_Colour01.png: 0.069816
GT_Colour02.png: 0.064865
GT_Colour03.png: 0.058396
GT_Colour04.png: 0.055522
GT_Colour05.png: 0.059502
GT_Colour06.png: 0.061693
GT_Colour07.png: 0.066885
GT_Colour10.png: 0.067121
GT_Colour11.png: 0.059937
GT_Colour12.png: 0.055425
GT_Colour13.png: 0.050134
GT_Colour14.png: 0.043198
GT_Colour15.png: 0.050412
GT_Colour16.png: 0.055136
GT_Colour17.png: 0.059086
GT_Colour20.png: 0.063376
GT_Colour21.png: 0.054776
GT_Colour22.png: 0.051076
GT_Colour23.png: 0.047171
GT_Colour24.png: 0.038339
GT_Colour25.png: 0.046502
GT_Colour26.png: 0.048919
GT_Colour27.png: 0.053747
GT_Colour30.png: 0.057660
GT_Colour31.png: 0.050573
GT_Colour32.png: 0.044444
GT_Colour33.png: 0.040692
GT_Colour34.png: 0.031454
GT_Colour35.png: 0.040998
GT_Colour36.png: 0.043037
GT_Colour37.png: 0.048970
GT_Colour40.png: 0.046578
GT_Colour41.png: 0.034928
GT_Colour42.png: 0.026433
GT_Colour43.png: 0.020705
GT_Colour44.png: 0.010174
GT_Colour45.png: 0.021381
GT_Colour46.png: 0.026076
GT_Colour47.png: 0.035072
GT_Colour50.png: 0.058303
GT_Colour51.png: 0.049706
GT_Colour52.png: 0.042857
GT_Colour53.png: 0.040335
GT_Colour54.png: 0.030997
GT_Colour55.png: 0.039144
GT_Colour56.png: 0.043226
GT_Colour57.png: 0.047538
GT_Colour60.png: 0.064294
GT_Colour61.png: 0.052768
GT_Colour62.png: 0.047540
GT_Colour63.png: 0.044575
GT_Colour64.png: 0.034506
GT_Colour65.png: 0.040497
GT_Colour66.png: 0.045994
GT_Colour67.png: 0.052781
GT_Colour70.png: 0.069642
GT_Colour71.png: 0.061379
GT_Colour72.png: 0.056449
GT_Colour73.png: 0.051917
GT_Colour74.png: 0.043405
GT_Colour75.png: 0.050025
GT_Colour76.png: 0.052629
GT_Colour77.png: 0.059447
