GT_Colour00.png: 0.068684
GT_Colour01.png: 0.063266
GT_Colour02.png: 0.057966
GT_Colour03.png: 0.051885
GT_Colour04.png: 0.047331
GT_Colour05.png: 0.052083
GT_Colour06.png: 0.055230
GT_Colour07.png: 0.060076
GT_Colour10.png: 0.061117
GT_Colour11.png: 0.053504
GT_Colour12.png: 0.048895
GT_Colour13.png: 0.043480
GT_Colour14.png: 0.035431
GT_Colour15.png: 0.043602
GT_Colour16.png: 0.048454
GT_Colour17.png: 0.051605
GT_Colour20.png: 0.056215
GT_Colour21.png: 0.045417
GT_Colour22.png: 0.040973
GT_Colour23.png: 0.036610
GT_Colour24.png: 0.027212
GT_Colour25.png: 0.036387
GT_Colour26.png: 0.038417
GT_Colour27.png: 0.045488
GT_Colour30.png: 0.049408
GT_Colour31.png: 0.039712
GT_Colour32.png: 0.032097
GT_Colour33.png: 0.027848
GT_Colour34.png: 0.017922
GT_Colour35.png: 0.028393
GT_Colour36.png: 0.031040
GT_Colour37.png: 0.038914
GT_Colour40.png: 0.040574
GT_Colour41.png: 0.027594
GT_Colour42.png: 0.017864
GT_Colour43.png: 0.011929
GT_Colour44.png: 0.000000
GT_Colour45.png: 0.011794
GT_Colour46.png: 0.017839
GT_Colour47.png: 0.028240
GT_Colour50.png: 0.050077
GT_Colour51.png: 0.038834
GT_Colour52.png: 0.032051
GT_Colour53.png: 0.028354
GT_Colour54.png: 0.017468
GT_Colour55.png: 0.027309
GT_Colour56.png: 0.030906
GT_Colour57.png: 0.037637
GT_Colour60.png: 0.056901
GT_Colour61.png: 0.044872
GT_Colour62.png: 0.039842
GT_Colour63.png: 0.036719
GT_Colour64.png: 0.025993
GT_Colour65.png: 0.032620
GT_Colour66.png: 0.038340
GT_Colour67.png: 0.045028
GT_Colour70.png: 0.062655
GT_Colour71.png: 0.054394
GT_Colour72.png: 0.048726
GT_Colour73.png: 0.043456
GT_Colour74.png: 0.034794
GT_Colour75.png: 0.042053
GT_Colour76.png: 0.044341
GT_Colour77.png: 0.051953
