GT_Colour00.png: 0.284874
GT_Colour01.png: 0.263699
GT_Colour02.png: 0.250850
GT_Colour03.png: 0.230064
GT_Colour04.png: 0.212299
GT_Colour05.png: 0.197272
GT_Colour06.png: 0.196910
GT_Colour07.png: 0.208430
GT_Colour10.png: 0.260680
GT_Colour11.png: 0.238401
GT_Colour12.png: 0.217865
GT_Colour13.png: 0.191345
GT_Colour14.png: 0.166451
GT_Colour15.png: 0.158099
GT_Colour16.png: 0.170071
GT_Colour17.png: 0.185925
GT_Colour20.png: 0.243260
GT_Colour21.png: 0.212675
GT_Colour22.png: 0.184615
GT_Colour23.png: 0.146454
GT_Colour24.png: 0.121854
GT_Colour25.png: 0.120972
GT_Colour26.png: 0.142835
GT_Colour27.png: 0.170976
GT_Colour30.png: 0.224849
GT_Colour31.png: 0.190077
GT_Colour32.png: 0.146908
GT_Colour33.png: 0.098433
GT_Colour34.png: 0.063963
GT_Colour35.png: 0.083815
GT_Colour36.png: 0.124462
GT_Colour37.png: 0.154529
GT_Colour40.png: 0.204437
GT_Colour41.png: 0.162966
GT_Colour42.png: 0.116172
GT_Colour43.png: 0.063577
GT_Colour44.png: 0.014750
GT_Colour45.png: 0.066322
GT_Colour46.png: 0.118839
GT_Colour47.png: 0.151393
GT_Colour50.png: 0.204274
GT_Colour51.png: 0.172039
GT_Colour52.png: 0.132542
GT_Colour53.png: 0.089111
GT_Colour54.png: 0.068810
GT_Colour55.png: 0.102558
GT_Colour56.png: 0.143516
GT_Colour57.png: 0.178895
GT_Colour60.png: 0.214772
GT_Colour61.png: 0.185575
GT_Colour62.png: 0.153741
GT_Colour63.png: 0.129371
GT_Colour64.png: 0.122952
GT_Colour65.png: 0.145140
GT_Colour66.png: 0.172500
GT_Colour67.png: 0.207060
GT_Colour70.png: 0.234258
GT_Colour71.png: 0.212065
GT_Colour72.png: 0.188843
GT_Colour73.png: 0.178062
GT_Colour74.png: 0.175807
GT_Colour75.png: 0.193538
GT_Colour76.png: 0.212732
GT_Colour77.png: 0.233996
