GT_Colour00.png: 0.289307
GT_Colour01.png: 0.267751
GT_Colour02.png: 0.256423
GT_Colour03.png: 0.235918
GT_Colour04.png: 0.219208
GT_Colour05.png: 0.202459
GT_Colour06.png: 0.201617
GT_Colour07.png: 0.212666
GT_Colour10.png: 0.263883
GT_Colour11.png: 0.241148
GT_Colour12.png: 0.219774
GT_Colour13.png: 0.194621
GT_Colour14.png: 0.169728
GT_Colour15.png: 0.160277
GT_Colour16.png: 0.172111
GT_Colour17.png: 0.187901
GT_Colour20.png: 0.241329
GT_Colour21.png: 0.209944
GT_Colour22.png: 0.180835
GT_Colour23.png: 0.142691
GT_Colour24.png: 0.118835
GT_Colour25.png: 0.117097
GT_Colour26.png: 0.136602
GT_Colour27.png: 0.168444
GT_Colour30.png: 0.221281
GT_Colour31.png: 0.184239
GT_Colour32.png: 0.139961
GT_Colour33.png: 0.091748
GT_Colour34.png: 0.056447
GT_Colour35.png: 0.073537
GT_Colour36.png: 0.115719
GT_Colour37.png: 0.150221
GT_Colour40.png: 0.198968
GT_Colour41.png: 0.155066
GT_Colour42.png: 0.108120
GT_Colour43.png: 0.054935
GT_Colour44.png: 0.000000
GT_Colour45.png: 0.054478
GT_Colour46.png: 0.109431
GT_Colour47.png: 0.146804
GT_Colour50.png: 0.200500
GT_Colour51.png: 0.166333
GT_Colour52.png: 0.126042
GT_Colour53.png: 0.080754
GT_Colour54.png: 0.057223
GT_Colour55.png: 0.093686
GT_Colour56.png: 0.136016
GT_Colour57.png: 0.174994
GT_Colour60.png: 0.215642
GT_Colour61.png: 0.187395
GT_Colour62.png: 0.154985
GT_Colour63.png: 0.128350
GT_Colour64.png: 0.120702
GT_Colour65.png: 0.143241
GT_Colour66.png: 0.171696
GT_Colour67.png: 0.207499
GT_Colour70.png: 0.238544
GT_Colour71.png: 0.217976
GT_Colour72.png: 0.193065
GT_Colour73.png: 0.179562
GT_Colour74.png: 0.176529
GT_Colour75.png: 0.194384
GT_Colour76.png: 0.215785
GT_Colour77.png: 0.236820
